eta_out y 1025 1219 1347 1536 1708 1726 1854 1982 2047 2048 
eta_in y 1025 1026 1091 1219 1281 1311 1314 1318 1322 1326 1328 1347 1726 2047 2048 
stereo_in y 1219 1254 1347 1536 1537 1726 1792 1854 2047 2048 
stereo_out y 1025 1091 1219 1347 1536 1537 1598 1710 1726 1854 1982 2047 2048 
GEM1 x 1 2 6 126 190 
GEM1 y 46 62 170 174 190 
GEM2 x 42 46 50 62 166 170 174 178 182 186 190 
GEM2 y 38 42 46 50 54 58 62 166 170 174 178 182 186 190 
GEM3 x 42 46 62 170 174 190 
GEM3 y 2 62 174 190 
GEM4 x 19 21 36 42 44 53 55 63 113 118 125 190 
GEM4 y 19 43 50 60 68 105 122 128 180 196 198 
TMM1 x 33 
TMM1 y 33 148 263 
TMM2 x 33 148 
TMM2 y 33 148 263  