 -1000000.0000 -1000000.0000 -1000000.0000 -1000000.0000 -1000000.0000 -1000000.0000 -1000000.0000 -1000000.0000 -1000000.0000 -1000000.0000 -1000000.0000 -1000000.0000 -1000000.0000 -1000000.0000 -1000000.0000 -1000000.0000 -1000000.0000 -9.8052 -1000000.0000 -9.5516 -9.8251 -9.9080 -9.8107 -9.8005
 -1000000.0000 -1000000.0000 -1000000.0000 -1000000.0000 -1000000.0000 -1000000.0000 -1000000.0000 -1000000.0000 -10.3212 -9.8574 -9.8947 -9.8779 -10.0028 -10.0120 -10.0416 -10.0050 -9.5565 -9.5335 -1000000.0000 -9.5292 -9.8249 -9.7409 -9.8182 -9.8515
 -9.1536 -9.5935 -9.6527 -9.6501 -9.8046 -9.2996 -9.7683 -9.8553 -10.0501 -9.9271 -9.9142 -9.9578 -10.0168 -10.0577 -10.1328 -10.1289 -9.6859 -9.5939 -1000000.0000 -9.6042 -9.8949 -9.8486 -9.8799 -9.7972
 -9.6183 -9.6484 -9.6932 -9.6476 -9.7920 -9.7586 -9.8469 -9.8636 -10.0868 -9.9707 -10.0193 -9.9998 -10.1897 -10.0912 -10.1322 -10.1764 -9.7424 -9.6740 -1000000.0000 -9.7591 -9.9520 -9.8849 -9.9391 -9.8610
 -9.7544 -9.6613 -9.7219 -9.6568 -9.8452 -9.7978 -9.9103 -9.9286 -10.2144 -10.1089 -10.1794 -10.1008 -10.2405 -10.1621 -10.2262 -10.1112 -9.8439 -9.7498 -1000000.0000 -9.7708 -10.0744 -10.0357 -10.0338 -9.9360
 -9.5338 -9.6998 -9.7029 -9.7185 -9.8289 -9.8312 -9.9491 -9.9747 -10.1255 -10.1567 -10.1904 -10.2011 -10.2741 -10.2521 -10.2913 -10.1635 -9.8587 -9.7679 -1000000.0000 -9.7840 -10.0624 -10.0410 -10.0510 -9.9738
 -9.7954 -9.8491 -9.8704 -9.8473 -9.9669 -9.9470 -9.9863 -10.0559 -10.2899 -10.2619 -10.3627 -10.3642 -10.5045 -10.4475 -10.4735 -10.3153 -10.0047 -9.9344 -1000000.0000 -9.9678 -10.1649 -10.1691 -10.1751 -10.1067
 -9.7462 -9.7747 -9.7481 -9.7516 -9.8078 -9.8203 -9.9210 -9.9547 -10.2581 -10.1077 -10.2625 -10.2839 -10.4238 -10.3321 -10.4484 -10.2443 -9.9384 -9.8545 -1000000.0000 -9.9049 -10.1424 -10.1090 -10.1688 -10.0995
 -9.6919 -9.7762 -9.8250 -9.7386 -9.8486 -9.7607 -9.9483 -9.9468 -10.3539 -10.2095 -10.3938 -10.3924 -10.4712 -10.3648 -10.4171 -10.1084 -9.9832 -9.9483 -1000000.0000 -9.9524 -10.1759 -10.1305 -10.1314 -10.0872
 -9.7220 -9.7367 -9.8537 -9.9341 -9.8675 -9.8939 -10.0530 -9.9225 -10.2038 -10.2398 -10.4112 -10.3409 -10.4644 -10.3605 -10.3812 -10.1331 -9.9091 -9.9020 -1000000.0000 -9.9160 -10.1685 -10.0728 -10.1025 -9.9484
 -9.7211 -9.7448 -9.7979 -9.8278 -9.9061 -9.8731 -9.8640 -9.8660 -10.2280 -10.1363 -10.3085 -10.1639 -10.4139 -10.3045 -10.2674 -10.1681 -9.8692 -9.8414 -1000000.0000 -9.9260 -10.0712 -9.9851 -10.0700 -9.8770
 -9.6026 -9.6677 -9.6461 -9.6858 -9.7321 -9.7930 -9.7542 -9.8509 -10.0985 -10.0699 -10.1963 -10.1228 -10.1561 -10.1862 -10.1679 -10.1405 -9.7845 -9.7583 -1000000.0000 -9.7675 -9.9722 -9.9177 -9.9508 -9.8098
 -9.8279 -9.4673 -9.7607 -9.6612 -9.5861 -9.8827 -9.8285 -9.8005 -10.0498 -10.0021 -10.1959 -10.1020 -10.1258 -10.1286 -10.1742 -10.1386 -9.7138 -9.7444 -1000000.0000 -9.6656 -9.8899 -9.9088 -9.9502 -9.7789
 -1000000.0000 -10.0838 -10.3000 -9.8276 -9.8341 -9.8031 -9.8161 -10.2100 -10.1488 -9.9720 -10.2188 -10.1645 -10.0238 -10.0826 -10.0491 -10.1058 -9.6827 -9.6721 -1000000.0000 -9.6748 -9.8991 -9.8831 -10.0036 -9.6828
 -1000000.0000 -1000000.0000 -1000000.0000 -1000000.0000 -1000000.0000 -1000000.0000 -1000000.0000 -1000000.0000 -1000000.0000 -10.2472 -10.6300 -10.0263 -10.0493 -9.9628 -10.1017 -9.7250 -9.7806 -9.7012 -1000000.0000 -9.7831 -9.7792 -9.7596 -9.7482 -9.7856
 -1000000.0000 -1000000.0000 -1000000.0000 -1000000.0000 -1000000.0000 -1000000.0000 -1000000.0000 -1000000.0000 -1000000.0000 -1000000.0000 -1000000.0000 -1000000.0000 -1000000.0000 -1000000.0000 -1000000.0000 -1000000.0000 -1000000.0000 -9.2634 -1000000.0000 -9.4676 -9.5648 -9.6430 -9.7989 -9.6405