 -1000000.0000 -1000000.0000 -1000000.0000 -1000000.0000 -1000000.0000 -1000000.0000 -1000000.0000 -1000000.0000 -1000000.0000 -1000000.0000 -1000000.0000 -1000000.0000 -1000000.0000 -1000000.0000 -1000000.0000 -1000000.0000 -1000000.0000 -1000000.0000 -9.6425 -10.1079 -9.1810 -9.8193 -9.6954 -9.8267
 -1000000.0000 -1000000.0000 -1000000.0000 -1000000.0000 -1000000.0000 -1000000.0000 -1000000.0000 -1000000.0000 -1000000.0000 -10.0224 -9.8539 -10.1565 -10.0477 -9.8935 -10.0418 -10.0594 -9.9664 -9.9446 -9.9686 -9.9754 -9.7741 -9.7486 -9.8001 -9.7848
 -1000000.0000 -9.5131 -9.9241 -10.1909 -9.8385 -9.7682 -9.8339 -9.9209 -10.2586 -10.2284 -10.2211 -10.1123 -10.0322 -9.9268 -9.9658 -9.9217 -9.9653 -9.9657 -9.9908 -10.0343 -9.8528 -9.7998 -9.7942 -9.8403
 -9.7413 -10.0423 -9.7892 -9.8877 -9.7135 -9.8803 -9.7618 -9.9595 -10.0994 -10.1743 -10.2047 -10.1431 -9.9748 -9.9638 -10.0599 -10.0178 -9.9225 -9.9962 -9.8962 -10.0388 -9.8692 -9.7785 -9.8353 -9.8326
 -9.7155 -9.8113 -9.9249 -9.9640 -10.1470 -9.8678 -9.8601 -9.7521 -10.1478 -10.0586 -10.0267 -10.1907 -9.9704 -9.9191 -10.0647 -9.9686 -9.9939 -9.9807 -9.9440 -10.0440 -9.7839 -9.8318 -9.8058 -9.7679
 -9.8577 -9.6865 -9.7880 -9.6613 -9.7734 -9.9018 -9.9345 -9.8562 -10.0977 -10.0086 -10.0977 -10.1178 -9.9864 -9.9214 -10.0071 -10.0753 -9.9026 -9.9034 -9.9793 -9.9830 -9.7572 -9.8044 -9.7511 -9.8404
 -9.7015 -9.8181 -9.9346 -9.8934 -9.8078 -9.8052 -9.9167 -9.8919 -10.0748 -10.0319 -10.0602 -10.0453 -9.9192 -9.9025 -10.0331 -10.0690 -9.9275 -9.9068 -9.9109 -9.9779 -9.6893 -9.7200 -9.7738 -9.7167
 -9.7064 -9.7392 -9.8366 -9.8287 -9.8321 -9.9065 -9.9437 -9.9224 -10.1253 -10.0058 -9.9855 -10.1122 -9.9438 -9.9059 -10.0210 -9.9711 -9.7897 -9.7766 -9.8834 -9.9672 -9.6529 -9.6672 -9.7642 -9.5881
 -9.7718 -9.7250 -9.8635 -9.9643 -9.8100 -9.8899 -9.9517 -9.8166 -10.0159 -10.0030 -10.0612 -10.0521 -9.8658 -9.8498 -10.0045 -9.9840 -10.0207 -9.8564 -9.9120 -9.8693 -9.6310 -9.7331 -9.7089 -9.8006
 -9.5894 -9.6375 -9.6201 -9.4674 -9.8623 -9.8408 -9.9103 -9.7823 -9.9983 -9.9166 -9.8125 -9.9710 -9.8907 -9.8900 -9.9631 -9.8592 -9.8105 -9.7887 -9.8696 -9.8483 -9.6294 -9.6590 -9.7807 -9.7984
 -9.6351 -9.7250 -9.8599 -9.7454 -9.7788 -9.8556 -9.7967 -9.6900 -9.9684 -9.9368 -9.9905 -10.0914 -9.8953 -9.8255 -9.9311 -9.8386 -9.6995 -9.6987 -9.7980 -9.8027 -9.6224 -9.6516 -9.7246 -9.7035
 -9.4581 -9.5506 -9.5858 -9.7492 -9.7770 -9.8487 -9.7172 -9.7086 -9.9831 -9.9135 -9.9389 -9.9592 -9.8568 -9.8211 -9.8704 -9.9143 -9.7331 -9.7514 -9.7836 -9.7013 -9.6640 -9.6602 -9.7659 -9.7492
 -9.7001 -9.5235 -9.6467 -9.5710 -9.7304 -9.8308 -9.6983 -9.7079 -9.9655 -9.9888 -9.9936 -9.4030 -9.8458 -9.9499 -9.9828 -9.7864 -9.8006 -9.7825 -9.8490 -9.7595 -9.7140 -9.6946 -10.2009 -9.8366
 -1000000.0000 -9.7036 -9.5908 -10.0029 -9.9275 -10.3550 -9.9705 -9.4096 -9.8765 -9.8938 -10.0072 -10.1732 -9.8832 -10.3162 -10.0551 -9.8228 -9.8356 -9.8317 -9.9309 -9.7694 -9.6804 -9.8276 -9.7325 -9.9115
 -1000000.0000 -1000000.0000 -1000000.0000 -1000000.0000 -1000000.0000 -1000000.0000 -1000000.0000 -1000000.0000 -1000000.0000 -10.0064 -9.8407 -10.0578 -9.8791 -10.0832 -9.9784 -9.8037 -9.7990 -9.7783 -10.4548 -9.7985 -9.6783 -9.7316 -9.9152 -9.1514
 -1000000.0000 -1000000.0000 -1000000.0000 -1000000.0000 -1000000.0000 -1000000.0000 -1000000.0000 -1000000.0000 -1000000.0000 -1000000.0000 -1000000.0000 -1000000.0000 -1000000.0000 -1000000.0000 -1000000.0000 -1000000.0000 -1000000.0000 -1000000.0000 -10.3531 -9.6051 -9.7225 -9.8224 -9.6758 -9.7197