 -1e+06 -1e+06 -1e+06 -1e+06 -1e+06 -1e+06 -1e+06 -1e+06 -1e+06 -1e+06 -1e+06 -1e+06 -1e+06 -1e+06 -1e+06 -1e+06 -1e+06 -10.0868 -10.1056 -10.302 -9.88284 -9.75294 -9.89496 -9.91484
 -1e+06 -1e+06 -1e+06 -1e+06 -1e+06 -1e+06 -1e+06 -9.88013 -9.97426 -10.2237 -10.2663 -10.0996 -10.0372 -9.95509 -10.0157 -10.0717 -10.0391 -9.92663 -10.1026 -10.0048 -9.88151 -9.88125 -9.93794 -9.81875
 -10.0811 -9.50001 -9.89981 -9.70298 -9.76385 -9.64894 -9.73583 -9.71414 -10.0765 -10.1114 -10.13 -10.1198 -9.89611 -9.9275 -10.0467 -10.0662 -10.0351 -10.0483 -10.1207 -10.0693 -10.0303 -9.92726 -9.87948 -9.83548
 -9.65062 -8.95548 -9.79155 -9.72736 -9.76683 -9.6892 -9.73589 -9.71459 -10.0428 -10.072 -10.1214 -10.1024 -9.98315 -9.9651 -10.017 -10.039 -10.0482 -9.98236 -10.1224 -10.1082 -9.99834 -9.92711 -9.93439 -9.95053
 -9.70768 -9.7207 -9.86739 -9.84386 -9.79637 -9.70983 -9.72442 -9.70706 -10.0193 -10.1051 -10.0704 -10.1111 -9.99339 -9.92069 -10.0005 -10.123 -9.96205 -10.003 -10.0879 -10.0745 -9.99143 -9.9009 -9.93428 -9.85139
 -9.76428 -9.89874 -9.85023 -9.91121 -9.75037 -9.74722 -9.74339 -9.7265 -10.0675 -10.049 -10.1535 -10.0976 -9.99454 -9.91033 -10.0247 -10.1211 -10.0847 -10.0179 -10.1166 -10.0359 -10.0023 -9.88286 -9.95716 -9.82895
 -9.73715 -9.73589 -9.92129 -9.8652 -9.81461 -9.79838 -9.75593 -9.71317 -10.0696 -10.0877 -10.0904 -10.0816 -9.96999 -9.92248 -9.98028 -10.0344 -9.99197 -9.94882 -10.0776 -10.0097 -9.96942 -9.93792 -9.90205 -9.83346
 -9.70025 -9.81623 -9.84885 -9.79322 -9.80256 -9.7081 -9.74062 -9.7268 -10.0525 -10.0473 -10.088 -10.074 -9.9979 -9.8526 -10.0294 -10.0287 -9.9219 -9.90917 -10.0302 -9.90947 -9.96926 -9.87599 -9.82 -9.78336
 -9.64914 -9.79111 -9.75495 -9.8365 -9.72413 -9.67805 -9.65651 -9.67865 -9.96059 -9.99969 -9.93208 -9.94493 -9.81902 -9.77682 -9.89095 -9.96329 -9.94126 -9.81628 -9.94978 -9.87273 -9.85407 -9.78792 -9.79163 -9.69971
 -9.62961 -9.64842 -9.74094 -9.70752 -9.74458 -9.61488 -9.59857 -9.63527 -9.93873 -9.94008 -9.96074 -9.9409 -9.83255 -9.82852 -9.9334 -10.1165 -9.89541 -9.85321 -9.96296 -9.88729 -9.88588 -9.80492 -9.79365 -9.81641
 -9.68734 -9.70576 -9.77608 -9.99276 -9.73384 -9.72226 -9.5935 -9.61776 -9.9097 -9.98003 -9.98756 -9.93758 -9.87118 -9.78526 -9.94421 -10.1387 -9.91393 -9.89625 -9.97663 -9.9579 -9.90566 -9.82407 -9.73908 -9.76578
 -9.12295 -9.61218 -9.43527 -9.59707 -9.76453 -9.60589 -9.72678 -9.6454 -9.94725 -9.91292 -9.88735 -9.9681 -9.87079 -9.83363 -9.89786 -10.1012 -9.93281 -9.88361 -9.96123 -9.87573 -9.92482 -9.823 -9.8098 -9.72245
 -9.51181 -9.15608 -9.67445 -9.53825 -9.66094 -9.67068 -9.60027 -9.65696 -10.0703 -9.91065 -9.91268 -9.85526 -9.85083 -9.89831 -10.0202 -10.0093 -9.90922 -9.86706 -9.99834 -9.86837 -9.93671 -9.86016 -9.82417 -9.87973
 -1e+06 -10.0535 -10.2365 -9.7208 -9.90302 -10.0028 -9.70071 -9.7566 -10.0791 -9.98846 -9.96834 -9.97923 -9.95141 -9.93739 -10.0067 -10.196 -9.92748 -9.95048 -10.0071 -9.90897 -9.97856 -9.902 -9.88974 -9.85684
 -1e+06 -1e+06 -1e+06 -1e+06 -1e+06 -1e+06 -1e+06 -1e+06 -1e+06 -9.89036 -10.1075 -10.158 -9.62759 -10.0069 -10.0945 -10.1092 -9.92832 -9.77931 -9.97576 -9.87107 -9.89302 -9.81699 -10.0235 -10.0535
 -1e+06 -1e+06 -1e+06 -1e+06 -1e+06 -1e+06 -1e+06 -1e+06 -1e+06 -1e+06 -1e+06 -1e+06 -1e+06 -1e+06 -1e+06 -1e+06 -1e+06 -1e+06 -9.70409 -9.76866 -9.94143 -9.77601 -10.0483 -9.71958