 -1000000.0000 -1000000.0000 -1000000.0000 -1000000.0000 -1000000.0000 -1000000.0000 -1000000.0000 -1000000.0000 -1000000.0000 -1000000.0000 -1000000.0000 -1000000.0000 -1000000.0000 -1000000.0000 -1000000.0000 -1000000.0000 -1000000.0000 -9.4694 -9.5766 -9.5801 -9.6416 -9.6921 -9.6409 -9.7354
 -1000000.0000 -1000000.0000 -1000000.0000 -1000000.0000 -1000000.0000 -1000000.0000 -1000000.0000 -1000000.0000 -9.9071 -10.2750 -9.7544 -9.9274 -9.9160 -9.8714 -10.0623 -9.8127 -9.5569 -9.5729 -9.5059 -9.5835 -9.7724 -9.7115 -9.7373 -9.7381
 -1000000.0000 -9.8227 -9.7683 -10.0186 -9.7589 -9.8842 -9.8151 -9.8004 -9.9008 -9.8532 -9.9035 -10.0705 -10.0340 -10.0097 -10.2745 -9.9511 -9.7741 -9.6516 -9.7176 -9.6590 -9.8406 -9.8725 -9.8563 -9.7747
 -9.6633 -9.5374 -9.7502 -9.7331 -9.6570 -10.0068 -9.9848 -10.1435 -9.9065 -9.9674 -10.0529 -10.0283 -10.2039 -10.1794 -10.2671 -10.0249 -9.9244 -9.7738 -9.7639 -9.7283 -9.8987 -9.9246 -9.9230 -9.8279
 -9.8638 -9.8277 -9.9029 -9.6117 -10.0268 -10.0209 -10.0018 -9.9257 -10.0559 -10.0888 -10.2373 -10.1792 -10.3341 -10.2018 -10.3401 -10.2579 -9.9624 -9.8151 -9.8745 -9.8062 -10.0044 -9.9466 -9.9496 -9.9418
 -9.7508 -10.0213 -10.2106 -9.9935 -9.9102 -9.9225 -10.1740 -10.0308 -10.0853 -10.1259 -10.2624 -10.2344 -10.3316 -10.3025 -10.4034 -10.2742 -10.0338 -9.9220 -9.9566 -9.8701 -10.0571 -9.9899 -10.0255 -9.9562
 -9.9049 -9.8337 -10.0550 -10.0493 -10.2169 -9.7072 -10.0952 -9.9159 -10.2174 -10.1752 -10.3472 -10.2630 -10.4341 -10.4090 -10.4211 -10.1998 -10.0293 -9.9253 -9.9155 -9.9508 -10.1536 -10.0454 -10.1158 -10.0056
 -9.2346 -9.9261 -10.2224 -10.0957 -9.9976 -10.1713 -10.2093 -1000000.0000 -10.2599 -10.2042 -10.4178 -10.3227 -10.4461 -10.3171 -10.3977 -10.3033 -10.1100 -9.9340 -10.0408 -9.9938 -10.1560 -10.0935 -10.0601 -10.0639
 -9.9771 -9.8293 -10.0302 -9.7947 -9.9248 -9.9613 -9.9921 -10.1553 -10.3256 -10.2305 -10.3867 -10.3712 -10.3745 -10.3480 -10.4372 -10.2674 -10.0421 -9.9404 -10.0297 -9.9673 -10.0942 -10.1122 -10.1168 -10.0015
 -9.8909 -9.9344 -9.9820 -9.8887 -9.8609 -9.9216 -10.0165 -9.6892 -10.2273 -10.2178 -10.4104 -10.3779 -10.4320 -10.3492 -10.3280 -10.5040 -10.0658 -9.8778 -9.9518 -9.8913 -10.0870 -9.9428 -10.0618 -10.0029
 -9.6635 -9.8341 -9.9116 -9.8093 -9.8858 -10.0199 -9.9760 -10.1397 -10.0882 -10.0956 -10.2348 -10.2173 -10.3192 -10.3261 -10.3438 -10.3427 -10.0737 -9.9391 -9.8680 -9.8658 -10.0269 -9.9922 -9.9327 -9.9781
 -9.7918 -9.7303 -9.9865 -9.7826 -9.8911 -9.8261 -9.8624 -9.8580 -10.0643 -10.0749 -10.2711 -10.1875 -10.1596 -10.2233 -10.2192 -10.1989 -9.9884 -9.8779 -9.9283 -9.8092 -9.9430 -9.8555 -9.9212 -9.8640
 -9.9552 -9.8683 -9.8238 -10.8059 -9.8281 -9.7366 -9.8271 -9.9825 -10.1639 -9.9240 -10.1704 -10.1959 -10.1862 -10.1915 -10.1506 -10.1198 -9.9170 -9.8451 -9.8575 -9.6919 -9.8846 -9.8965 -9.8815 -9.9494
 -1000000.0000 -9.2264 -9.8455 -9.7525 -9.9607 -9.8344 -9.8105 -9.8424 -10.0074 -9.9970 -10.1794 -10.3329 -10.0613 -10.1597 -10.1067 -10.1635 -9.8438 -9.8157 -9.7081 -9.7614 -9.8143 -9.7813 -9.7959 -9.7227
 -1000000.0000 -1000000.0000 -1000000.0000 -1000000.0000 -1000000.0000 -1000000.0000 -1000000.0000 -1000000.0000 -1000000.0000 -10.2913 -9.9622 -10.1346 -9.3905 -10.0278 -10.0887 -10.1922 -9.7070 -9.7063 -9.6446 -9.7629 -9.7827 -9.7318 -9.6450 -9.7359
 -1000000.0000 -1000000.0000 -1000000.0000 -1000000.0000 -1000000.0000 -1000000.0000 -1000000.0000 -1000000.0000 -1000000.0000 -1000000.0000 -1000000.0000 -1000000.0000 -1000000.0000 -1000000.0000 -1000000.0000 -1000000.0000 -1000000.0000 -1000000.0000 -9.6364 -9.9852 -9.6064 -9.5441 -9.7177 -9.6083