

eta_out    FEC 0 shift -0.078 FEC 1 shift -0.078 FEC 2 shift  0.000 FEC 3 shift  0.000 FEC 4 shift  0.266 FEC 5 shift  0.266
eta_in     FEC 0 shift  0.022 FEC 1 shift  0.022 FEC 2 shift -0.023 FEC 3 shift -0.023 FEC 4 shift  0.155 FEC 5 shift  0.155
stereo_in  FEC 0 shift  0.122 FEC 1 shift  0.122 FEC 2 shift  0.104 FEC 3 shift  0.104 FEC 4 shift  0.498 FEC 5 shift  0.498
stereo_out FEC 0 shift -0.451 FEC 1 shift -0.451 FEC 2 shift -0.484 FEC 3 shift -0.484 FEC 4 shift -0.562 FEC 5 shift -0.562




eta_out FECnAPV 0 3 -0.425 FECnAPV 1 0 -0.425 FECnAPV 1 1 -0.425 FECnAPV 1 2 -0.425 FECnAPV 2 2 0.425 FECnAPV 2 3 0.425 FECnAPV 2 2 0.425

CAEN off 1540064635 till morning 9oclock

uTPCtime M1
extrapolated         turntime      woCCC       firstTime   lastTime
  7.713               9.9325       7.786         7.2        12.6  
  8.252               9.9786       7.828         7.2        12.6  
  7.656               9.8786       7.730         7.2        12.6  
  8.181               9.9934       7.811         7.2        12.6  
  
eta_out uTPCslopeMPV  0.0118275 0.00961441 0.00761581 0.00705462 0.004963 0.00424972 0.00401294 0.00369088 0.00326569 0.00340917 0.00390894 0.00445604 0.0045171 0.00729534 0.00426981 0.00361959 -0.00439133 -4.31972 -0.00450045 -0.00353091 -0.00339575 -0.00338553 -0.0036555 -0.00362399 -0.00432763 -0.00451275 -0.00657593 -0.00603376 -0.00893355 -0.00953666
eta_in uTPCslopeMPV  -0.0171543 -0.0100495 -0.00851442 -0.00679117 -0.00593141 -0.00522313 -0.00470195 -0.00354809 -0.00347244 -0.00361849 -0.00382292 -0.00408943 -0.00465051 -0.00421799 0.00344417 0.00386389 0.00742038 0.0050392 0.00434028 0.00378581 0.0036687 0.00337075 0.00356761 0.00386291 0.00413739 0.116662 0.00696497 0.00620225 0.0085139 0.0132033
stereo_in uTPCslopeMPV  0.0359683 0.01252 0.0139717 0.00989181 0.00772269 0.00640543 0.00535411 0.00467012 0.00482971 0.00436535 0.0045999 0.00637285 0.00502684 0.00501251 0.00441163 -0.00408237 -0.00488238 -0.0159631 -0.00469018 -0.0042812 -0.00432838 -0.0043848 -0.004729 -0.00498748 -0.00563494 -0.00615253 -0.00881998 -0.00892736 -0.0131514 -0.0580822
stereo_out uTPCslopeMPV  -0.0210925 -0.0110846 -0.0108344 -0.00774106 -0.00724679 -0.00585264 -0.00523984 -0.00431866 -0.00468983 -0.00400548 -0.0042605 -0.00436955 -0.00633683 -0.00619917 -0.00399865 0.00419139 0.00446971 0.00484914 0.00476493 0.00405857 0.00444026 0.00403907 0.00433876 0.00475212 0.00491316 0.00615711 0.00625452 0.00747346 0.0122628 0.0136333
  
  
  
  
/project/etp4/mherrmann/analysis/fitNclust: symbol lookup error: /project/etp4/mherrmann/analysis/fitNclust: undefined symbol: _ZN5TROOT14RegisterModuleEPKcPS1_S2_S1_S1_PFvvERKSt6vectorISt4pairINSt7__cxx1112basic_stringIcSt11char_traitsIcESaIcEEEiESaISD_EES2_





M3 20180827
positionZ
 -17.31  
  -0.63  
  16.03  
  32.65  